{
 "cells": [
  {
   "cell_type": "markdown",
   "source": [
    "# Context\n",
    "\n",
    "Cardiovascular diseases (CVDs) are the number 1 cause of death in the world, taking an estimated 18 million lives each year, which stands for 31% of all deaths around the globe.\n",
    "\n",
    "Heart failure is a common event caused by CVDs and the provided dataset contains 11 features that can be used to predict mortality by heart failure.\n",
    "\n",
    "It worth noting, that about a third of the deaths happen to people with the age under 70 which indicates that heart failure is not only a problem of the elderly.\n",
    "\n",
    "With this notebook, I would like to explore the data and build a model to predict mortality by heart failure. Consequently, we can indentify people with high risk and provide them with necessary treatment.\n",
    "\n",
    "You can find the following dataset on Kaggle: https://www.kaggle.com/datasets/fedesoriano/heart-failure-prediction\n",
    "\n",
    "## Attributes\n",
    "\n",
    "1. Age: age of the patient [years]\n",
    "2. Sex: sex of the patient [M: Male, F: Female]\n",
    "3. ChestPainType: chest pain type [TA: Typical Angina, ATA: Atypical Angina, NAP: Non-Anginal Pain, ASY: Asymptomatic]\n",
    "4. RestingBP: resting blood pressure [mm Hg]\n",
    "5. Cholesterol: serum cholesterol [mm/dl]\n",
    "6. FastingBS: fasting blood sugar [1: if FastingBS > 120 mg/dl, 0: otherwise]\n",
    "7. RestingECG: resting electrocardiogram results [Normal: Normal, ST: having ST-T wave abnormality (T wave inversions and/or ST elevation or depression of > 0.05 mV), LVH: showing probable or definite left ventricular hypertrophy by Estes' criteria]\n",
    "8. MaxHR: maximum heart rate achieved [Numeric value between 60 and 202]\n",
    "9. ExerciseAngina: exercise-induced angina [Y: Yes, N: No]\n",
    "10. Oldpeak: oldpeak = ST [Numeric value measured in depression]\n",
    "11. ST_Slope: the slope of the peak exercise ST segment [Up: upsloping, Flat: flat, Down: downsloping]\n",
    "12. HeartDisease: output class [1: heart disease, 0: Normal]"
   ],
   "metadata": {
    "collapsed": false
   }
  },
  {
   "cell_type": "markdown",
   "source": [
    "### Require all the necessary tools and libraries"
   ],
   "metadata": {
    "collapsed": false
   }
  },
  {
   "cell_type": "code",
   "execution_count": 41,
   "outputs": [],
   "source": [
    "import os\n",
    "import numpy as np\n",
    "import pandas as pd\n",
    "import warnings\n",
    "import seaborn as sns\n",
    "import matplotlib.pyplot as plt\n",
    "import plotly.express as px\n",
    "warnings.filterwarnings(\"ignore\")\n",
    "pd.set_option(\"display.max_rows\",None)\n",
    "from sklearn import preprocessing\n",
    "import matplotlib\n",
    "matplotlib.style.use('ggplot')\n",
    "from sklearn.preprocessing import LabelEncoder"
   ],
   "metadata": {
    "collapsed": false,
    "ExecuteTime": {
     "end_time": "2023-06-08T21:23:16.427315Z",
     "start_time": "2023-06-08T21:23:16.404370Z"
    }
   }
  },
  {
   "cell_type": "code",
   "execution_count": 42,
   "outputs": [
    {
     "data": {
      "text/plain": "   Age Sex ChestPainType  RestingBP  Cholesterol  FastingBS RestingECG  MaxHR  \\\n0   40   M           ATA        140          289          0     Normal    172   \n1   49   F           NAP        160          180          0     Normal    156   \n2   37   M           ATA        130          283          0         ST     98   \n3   48   F           ASY        138          214          0     Normal    108   \n4   54   M           NAP        150          195          0     Normal    122   \n\n  ExerciseAngina  Oldpeak ST_Slope  HeartDisease  \n0              N      0.0       Up             0  \n1              N      1.0     Flat             1  \n2              N      0.0       Up             0  \n3              Y      1.5     Flat             1  \n4              N      0.0       Up             0  ",
      "text/html": "<div>\n<style scoped>\n    .dataframe tbody tr th:only-of-type {\n        vertical-align: middle;\n    }\n\n    .dataframe tbody tr th {\n        vertical-align: top;\n    }\n\n    .dataframe thead th {\n        text-align: right;\n    }\n</style>\n<table border=\"1\" class=\"dataframe\">\n  <thead>\n    <tr style=\"text-align: right;\">\n      <th></th>\n      <th>Age</th>\n      <th>Sex</th>\n      <th>ChestPainType</th>\n      <th>RestingBP</th>\n      <th>Cholesterol</th>\n      <th>FastingBS</th>\n      <th>RestingECG</th>\n      <th>MaxHR</th>\n      <th>ExerciseAngina</th>\n      <th>Oldpeak</th>\n      <th>ST_Slope</th>\n      <th>HeartDisease</th>\n    </tr>\n  </thead>\n  <tbody>\n    <tr>\n      <th>0</th>\n      <td>40</td>\n      <td>M</td>\n      <td>ATA</td>\n      <td>140</td>\n      <td>289</td>\n      <td>0</td>\n      <td>Normal</td>\n      <td>172</td>\n      <td>N</td>\n      <td>0.0</td>\n      <td>Up</td>\n      <td>0</td>\n    </tr>\n    <tr>\n      <th>1</th>\n      <td>49</td>\n      <td>F</td>\n      <td>NAP</td>\n      <td>160</td>\n      <td>180</td>\n      <td>0</td>\n      <td>Normal</td>\n      <td>156</td>\n      <td>N</td>\n      <td>1.0</td>\n      <td>Flat</td>\n      <td>1</td>\n    </tr>\n    <tr>\n      <th>2</th>\n      <td>37</td>\n      <td>M</td>\n      <td>ATA</td>\n      <td>130</td>\n      <td>283</td>\n      <td>0</td>\n      <td>ST</td>\n      <td>98</td>\n      <td>N</td>\n      <td>0.0</td>\n      <td>Up</td>\n      <td>0</td>\n    </tr>\n    <tr>\n      <th>3</th>\n      <td>48</td>\n      <td>F</td>\n      <td>ASY</td>\n      <td>138</td>\n      <td>214</td>\n      <td>0</td>\n      <td>Normal</td>\n      <td>108</td>\n      <td>Y</td>\n      <td>1.5</td>\n      <td>Flat</td>\n      <td>1</td>\n    </tr>\n    <tr>\n      <th>4</th>\n      <td>54</td>\n      <td>M</td>\n      <td>NAP</td>\n      <td>150</td>\n      <td>195</td>\n      <td>0</td>\n      <td>Normal</td>\n      <td>122</td>\n      <td>N</td>\n      <td>0.0</td>\n      <td>Up</td>\n      <td>0</td>\n    </tr>\n  </tbody>\n</table>\n</div>"
     },
     "execution_count": 42,
     "metadata": {},
     "output_type": "execute_result"
    }
   ],
   "source": [
    "# load the data\n",
    "df=pd.read_csv(\"./assets/dataset.csv\")\n",
    "df.head()"
   ],
   "metadata": {
    "collapsed": false,
    "ExecuteTime": {
     "end_time": "2023-06-08T21:23:16.434694Z",
     "start_time": "2023-06-08T21:23:16.407658Z"
    }
   }
  },
  {
   "cell_type": "code",
   "execution_count": 43,
   "outputs": [
    {
     "data": {
      "text/plain": "Age                 int64\nSex                object\nChestPainType      object\nRestingBP           int64\nCholesterol         int64\nFastingBS           int64\nRestingECG         object\nMaxHR               int64\nExerciseAngina     object\nOldpeak           float64\nST_Slope           object\nHeartDisease        int64\ndtype: object"
     },
     "execution_count": 43,
     "metadata": {},
     "output_type": "execute_result"
    }
   ],
   "source": [
    "# check the types of the data\n",
    "df.dtypes"
   ],
   "metadata": {
    "collapsed": false,
    "ExecuteTime": {
     "end_time": "2023-06-08T21:23:16.448101Z",
     "start_time": "2023-06-08T21:23:16.427529Z"
    }
   }
  },
  {
   "cell_type": "markdown",
   "source": [
    "Based on the output of the previous step it's clear that we need to convert the data types to primitives, so I'll convert objects to strings"
   ],
   "metadata": {
    "collapsed": false
   }
  },
  {
   "cell_type": "code",
   "execution_count": 44,
   "outputs": [],
   "source": [
    "string_col = df.select_dtypes(include=\"object\").columns\n",
    "df[string_col]=df[string_col].astype(\"string\")"
   ],
   "metadata": {
    "collapsed": false,
    "ExecuteTime": {
     "end_time": "2023-06-08T21:23:16.448274Z",
     "start_time": "2023-06-08T21:23:16.427879Z"
    }
   }
  },
  {
   "cell_type": "code",
   "execution_count": 45,
   "outputs": [
    {
     "data": {
      "text/plain": "Age                        int64\nSex               string[python]\nChestPainType     string[python]\nRestingBP                  int64\nCholesterol                int64\nFastingBS                  int64\nRestingECG        string[python]\nMaxHR                      int64\nExerciseAngina    string[python]\nOldpeak                  float64\nST_Slope          string[python]\nHeartDisease               int64\ndtype: object"
     },
     "execution_count": 45,
     "metadata": {},
     "output_type": "execute_result"
    }
   ],
   "source": [
    "# check the data types again\n",
    "df.dtypes"
   ],
   "metadata": {
    "collapsed": false,
    "ExecuteTime": {
     "end_time": "2023-06-08T21:23:16.448665Z",
     "start_time": "2023-06-08T21:23:16.428029Z"
    }
   }
  },
  {
   "cell_type": "code",
   "execution_count": 48,
   "outputs": [],
   "source": [
    "# Encode the string columns\n",
    "le=LabelEncoder()\n",
    "df[string_col]=df[string_col].apply(le.fit_transform)"
   ],
   "metadata": {
    "collapsed": false,
    "ExecuteTime": {
     "end_time": "2023-06-08T21:23:16.473778Z",
     "start_time": "2023-06-08T21:23:16.441439Z"
    }
   }
  },
  {
   "cell_type": "code",
   "execution_count": 49,
   "outputs": [
    {
     "data": {
      "text/plain": "Age                 int64\nSex                 int64\nChestPainType       int64\nRestingBP           int64\nCholesterol         int64\nFastingBS           int64\nRestingECG          int64\nMaxHR               int64\nExerciseAngina      int64\nOldpeak           float64\nST_Slope            int64\nHeartDisease        int64\ndtype: object"
     },
     "execution_count": 49,
     "metadata": {},
     "output_type": "execute_result"
    }
   ],
   "source": [
    "# check the data types again\n",
    "df.dtypes"
   ],
   "metadata": {
    "collapsed": false,
    "ExecuteTime": {
     "end_time": "2023-06-08T21:23:16.473945Z",
     "start_time": "2023-06-08T21:23:16.445473Z"
    }
   }
  },
  {
   "cell_type": "markdown",
   "source": [
    "# Correlation Matrix\n",
    "\n",
    "Correlation matrix is essential to understand the relationship between the features and the target variable. We will use the visualization to have a proper understanding.\n",
    "\n",
    "### Legend\n",
    "- Dark Colors: Negative Correlation\n",
    "- Light Colors: Positive Correlation"
   ],
   "metadata": {
    "collapsed": false
   }
  },
  {
   "cell_type": "code",
   "execution_count": 50,
   "outputs": [
    {
     "data": {
      "application/vnd.plotly.v1+json": {
       "data": [
        {
         "coloraxis": "coloraxis",
         "name": "0",
         "x": [
          "Age",
          "Sex",
          "ChestPainType",
          "RestingBP",
          "Cholesterol",
          "FastingBS",
          "RestingECG",
          "MaxHR",
          "ExerciseAngina",
          "Oldpeak",
          "ST_Slope",
          "HeartDisease"
         ],
         "y": [
          "Age",
          "Sex",
          "ChestPainType",
          "RestingBP",
          "Cholesterol",
          "FastingBS",
          "RestingECG",
          "MaxHR",
          "ExerciseAngina",
          "Oldpeak",
          "ST_Slope",
          "HeartDisease"
         ],
         "z": [
          [
           1.0,
           0.055750099177784174,
           -0.07715013150812605,
           0.2543993561515428,
           -0.09528177118121824,
           0.19803906586674333,
           -0.007484033093706916,
           -0.3820446750319701,
           0.21579269076374738,
           0.25861153601875636,
           -0.26826399446947874,
           0.2820385058189964
          ],
          [
           0.055750099177784174,
           1.0,
           -0.12655876512305206,
           0.005132707622331895,
           -0.200092322516373,
           0.12007598768494249,
           0.07155218395400456,
           -0.18918576433547019,
           0.1906641022059936,
           0.10573353674000206,
           -0.15069254439645774,
           0.30544491596314044
          ],
          [
           -0.07715013150812605,
           -0.12655876512305206,
           1.0,
           -0.02064749713437652,
           0.06788040361143344,
           -0.07315098554914654,
           -0.07253685396491723,
           0.289122742827962,
           -0.3547272877673649,
           -0.17737736843898633,
           0.2135212007809225,
           -0.3868276942625641
          ],
          [
           0.2543993561515428,
           0.005132707622331895,
           -0.02064749713437652,
           1.0,
           0.10089294207709164,
           0.07019333570992349,
           0.022655806323957486,
           -0.11213499711298038,
           0.15510108893407876,
           0.16480304317138791,
           -0.07516217427262277,
           0.10758898037140385
          ],
          [
           -0.09528177118121824,
           -0.200092322516373,
           0.06788040361143344,
           0.10089294207709164,
           1.0,
           -0.2609743277657631,
           -0.19654373003265738,
           0.23579240300238535,
           -0.03416586822679319,
           0.050148109140803906,
           0.11147053912137672,
           -0.2327406389270114
          ],
          [
           0.19803906586674333,
           0.12007598768494249,
           -0.07315098554914654,
           0.07019333570992349,
           -0.2609743277657631,
           1.0,
           0.08704956110109649,
           -0.1314384913934405,
           0.06045067478783045,
           0.05269786028732148,
           -0.17577434311706608,
           0.26729118611029784
          ],
          [
           -0.007484033093706916,
           0.07155218395400456,
           -0.07253685396491723,
           0.022655806323957486,
           -0.19654373003265738,
           0.08704956110109649,
           1.0,
           -0.1792756856809674,
           0.07750038919450038,
           -0.020437521543189143,
           -0.0067782124477271674,
           0.057384357013451265
          ],
          [
           -0.3820446750319701,
           -0.18918576433547019,
           0.289122742827962,
           -0.11213499711298038,
           0.23579240300238535,
           -0.1314384913934405,
           -0.1792756856809674,
           1.0,
           -0.37042486722649476,
           -0.1606905500499244,
           0.3434194422450201,
           -0.4004207694631906
          ],
          [
           0.21579269076374738,
           0.1906641022059936,
           -0.3547272877673649,
           0.15510108893407876,
           -0.03416586822679319,
           0.06045067478783045,
           0.07750038919450038,
           -0.37042486722649476,
           1.0,
           0.4087524962730173,
           -0.4287059432893575,
           0.4942819918242684
          ],
          [
           0.25861153601875636,
           0.10573353674000206,
           -0.17737736843898633,
           0.16480304317138791,
           0.050148109140803906,
           0.05269786028732148,
           -0.020437521543189143,
           -0.1606905500499244,
           0.4087524962730173,
           1.0,
           -0.5019212695297877,
           0.40395072206288607
          ],
          [
           -0.26826399446947874,
           -0.15069254439645774,
           0.2135212007809225,
           -0.07516217427262277,
           0.11147053912137672,
           -0.17577434311706608,
           -0.0067782124477271674,
           0.3434194422450201,
           -0.4287059432893575,
           -0.5019212695297877,
           1.0,
           -0.5587707148497058
          ],
          [
           0.2820385058189964,
           0.30544491596314044,
           -0.3868276942625641,
           0.10758898037140385,
           -0.2327406389270114,
           0.26729118611029784,
           0.057384357013451265,
           -0.4004207694631906,
           0.4942819918242684,
           0.40395072206288607,
           -0.5587707148497058,
           1.0
          ]
         ],
         "type": "heatmap",
         "xaxis": "x",
         "yaxis": "y",
         "hovertemplate": "x: %{x}<br>y: %{y}<br>color: %{z}<extra></extra>"
        }
       ],
       "layout": {
        "template": {
         "data": {
          "histogram2dcontour": [
           {
            "type": "histogram2dcontour",
            "colorbar": {
             "outlinewidth": 0,
             "ticks": ""
            },
            "colorscale": [
             [
              0.0,
              "#0d0887"
             ],
             [
              0.1111111111111111,
              "#46039f"
             ],
             [
              0.2222222222222222,
              "#7201a8"
             ],
             [
              0.3333333333333333,
              "#9c179e"
             ],
             [
              0.4444444444444444,
              "#bd3786"
             ],
             [
              0.5555555555555556,
              "#d8576b"
             ],
             [
              0.6666666666666666,
              "#ed7953"
             ],
             [
              0.7777777777777778,
              "#fb9f3a"
             ],
             [
              0.8888888888888888,
              "#fdca26"
             ],
             [
              1.0,
              "#f0f921"
             ]
            ]
           }
          ],
          "choropleth": [
           {
            "type": "choropleth",
            "colorbar": {
             "outlinewidth": 0,
             "ticks": ""
            }
           }
          ],
          "histogram2d": [
           {
            "type": "histogram2d",
            "colorbar": {
             "outlinewidth": 0,
             "ticks": ""
            },
            "colorscale": [
             [
              0.0,
              "#0d0887"
             ],
             [
              0.1111111111111111,
              "#46039f"
             ],
             [
              0.2222222222222222,
              "#7201a8"
             ],
             [
              0.3333333333333333,
              "#9c179e"
             ],
             [
              0.4444444444444444,
              "#bd3786"
             ],
             [
              0.5555555555555556,
              "#d8576b"
             ],
             [
              0.6666666666666666,
              "#ed7953"
             ],
             [
              0.7777777777777778,
              "#fb9f3a"
             ],
             [
              0.8888888888888888,
              "#fdca26"
             ],
             [
              1.0,
              "#f0f921"
             ]
            ]
           }
          ],
          "heatmap": [
           {
            "type": "heatmap",
            "colorbar": {
             "outlinewidth": 0,
             "ticks": ""
            },
            "colorscale": [
             [
              0.0,
              "#0d0887"
             ],
             [
              0.1111111111111111,
              "#46039f"
             ],
             [
              0.2222222222222222,
              "#7201a8"
             ],
             [
              0.3333333333333333,
              "#9c179e"
             ],
             [
              0.4444444444444444,
              "#bd3786"
             ],
             [
              0.5555555555555556,
              "#d8576b"
             ],
             [
              0.6666666666666666,
              "#ed7953"
             ],
             [
              0.7777777777777778,
              "#fb9f3a"
             ],
             [
              0.8888888888888888,
              "#fdca26"
             ],
             [
              1.0,
              "#f0f921"
             ]
            ]
           }
          ],
          "heatmapgl": [
           {
            "type": "heatmapgl",
            "colorbar": {
             "outlinewidth": 0,
             "ticks": ""
            },
            "colorscale": [
             [
              0.0,
              "#0d0887"
             ],
             [
              0.1111111111111111,
              "#46039f"
             ],
             [
              0.2222222222222222,
              "#7201a8"
             ],
             [
              0.3333333333333333,
              "#9c179e"
             ],
             [
              0.4444444444444444,
              "#bd3786"
             ],
             [
              0.5555555555555556,
              "#d8576b"
             ],
             [
              0.6666666666666666,
              "#ed7953"
             ],
             [
              0.7777777777777778,
              "#fb9f3a"
             ],
             [
              0.8888888888888888,
              "#fdca26"
             ],
             [
              1.0,
              "#f0f921"
             ]
            ]
           }
          ],
          "contourcarpet": [
           {
            "type": "contourcarpet",
            "colorbar": {
             "outlinewidth": 0,
             "ticks": ""
            }
           }
          ],
          "contour": [
           {
            "type": "contour",
            "colorbar": {
             "outlinewidth": 0,
             "ticks": ""
            },
            "colorscale": [
             [
              0.0,
              "#0d0887"
             ],
             [
              0.1111111111111111,
              "#46039f"
             ],
             [
              0.2222222222222222,
              "#7201a8"
             ],
             [
              0.3333333333333333,
              "#9c179e"
             ],
             [
              0.4444444444444444,
              "#bd3786"
             ],
             [
              0.5555555555555556,
              "#d8576b"
             ],
             [
              0.6666666666666666,
              "#ed7953"
             ],
             [
              0.7777777777777778,
              "#fb9f3a"
             ],
             [
              0.8888888888888888,
              "#fdca26"
             ],
             [
              1.0,
              "#f0f921"
             ]
            ]
           }
          ],
          "surface": [
           {
            "type": "surface",
            "colorbar": {
             "outlinewidth": 0,
             "ticks": ""
            },
            "colorscale": [
             [
              0.0,
              "#0d0887"
             ],
             [
              0.1111111111111111,
              "#46039f"
             ],
             [
              0.2222222222222222,
              "#7201a8"
             ],
             [
              0.3333333333333333,
              "#9c179e"
             ],
             [
              0.4444444444444444,
              "#bd3786"
             ],
             [
              0.5555555555555556,
              "#d8576b"
             ],
             [
              0.6666666666666666,
              "#ed7953"
             ],
             [
              0.7777777777777778,
              "#fb9f3a"
             ],
             [
              0.8888888888888888,
              "#fdca26"
             ],
             [
              1.0,
              "#f0f921"
             ]
            ]
           }
          ],
          "mesh3d": [
           {
            "type": "mesh3d",
            "colorbar": {
             "outlinewidth": 0,
             "ticks": ""
            }
           }
          ],
          "scatter": [
           {
            "marker": {
             "line": {
              "color": "#283442"
             }
            },
            "type": "scatter"
           }
          ],
          "parcoords": [
           {
            "type": "parcoords",
            "line": {
             "colorbar": {
              "outlinewidth": 0,
              "ticks": ""
             }
            }
           }
          ],
          "scatterpolargl": [
           {
            "type": "scatterpolargl",
            "marker": {
             "colorbar": {
              "outlinewidth": 0,
              "ticks": ""
             }
            }
           }
          ],
          "bar": [
           {
            "error_x": {
             "color": "#f2f5fa"
            },
            "error_y": {
             "color": "#f2f5fa"
            },
            "marker": {
             "line": {
              "color": "rgb(17,17,17)",
              "width": 0.5
             },
             "pattern": {
              "fillmode": "overlay",
              "size": 10,
              "solidity": 0.2
             }
            },
            "type": "bar"
           }
          ],
          "scattergeo": [
           {
            "type": "scattergeo",
            "marker": {
             "colorbar": {
              "outlinewidth": 0,
              "ticks": ""
             }
            }
           }
          ],
          "scatterpolar": [
           {
            "type": "scatterpolar",
            "marker": {
             "colorbar": {
              "outlinewidth": 0,
              "ticks": ""
             }
            }
           }
          ],
          "histogram": [
           {
            "marker": {
             "pattern": {
              "fillmode": "overlay",
              "size": 10,
              "solidity": 0.2
             }
            },
            "type": "histogram"
           }
          ],
          "scattergl": [
           {
            "marker": {
             "line": {
              "color": "#283442"
             }
            },
            "type": "scattergl"
           }
          ],
          "scatter3d": [
           {
            "type": "scatter3d",
            "line": {
             "colorbar": {
              "outlinewidth": 0,
              "ticks": ""
             }
            },
            "marker": {
             "colorbar": {
              "outlinewidth": 0,
              "ticks": ""
             }
            }
           }
          ],
          "scattermapbox": [
           {
            "type": "scattermapbox",
            "marker": {
             "colorbar": {
              "outlinewidth": 0,
              "ticks": ""
             }
            }
           }
          ],
          "scatterternary": [
           {
            "type": "scatterternary",
            "marker": {
             "colorbar": {
              "outlinewidth": 0,
              "ticks": ""
             }
            }
           }
          ],
          "scattercarpet": [
           {
            "type": "scattercarpet",
            "marker": {
             "colorbar": {
              "outlinewidth": 0,
              "ticks": ""
             }
            }
           }
          ],
          "carpet": [
           {
            "aaxis": {
             "endlinecolor": "#A2B1C6",
             "gridcolor": "#506784",
             "linecolor": "#506784",
             "minorgridcolor": "#506784",
             "startlinecolor": "#A2B1C6"
            },
            "baxis": {
             "endlinecolor": "#A2B1C6",
             "gridcolor": "#506784",
             "linecolor": "#506784",
             "minorgridcolor": "#506784",
             "startlinecolor": "#A2B1C6"
            },
            "type": "carpet"
           }
          ],
          "table": [
           {
            "cells": {
             "fill": {
              "color": "#506784"
             },
             "line": {
              "color": "rgb(17,17,17)"
             }
            },
            "header": {
             "fill": {
              "color": "#2a3f5f"
             },
             "line": {
              "color": "rgb(17,17,17)"
             }
            },
            "type": "table"
           }
          ],
          "barpolar": [
           {
            "marker": {
             "line": {
              "color": "rgb(17,17,17)",
              "width": 0.5
             },
             "pattern": {
              "fillmode": "overlay",
              "size": 10,
              "solidity": 0.2
             }
            },
            "type": "barpolar"
           }
          ],
          "pie": [
           {
            "automargin": true,
            "type": "pie"
           }
          ]
         },
         "layout": {
          "autotypenumbers": "strict",
          "colorway": [
           "#636efa",
           "#EF553B",
           "#00cc96",
           "#ab63fa",
           "#FFA15A",
           "#19d3f3",
           "#FF6692",
           "#B6E880",
           "#FF97FF",
           "#FECB52"
          ],
          "font": {
           "color": "#f2f5fa"
          },
          "hovermode": "closest",
          "hoverlabel": {
           "align": "left"
          },
          "paper_bgcolor": "rgb(17,17,17)",
          "plot_bgcolor": "rgb(17,17,17)",
          "polar": {
           "bgcolor": "rgb(17,17,17)",
           "angularaxis": {
            "gridcolor": "#506784",
            "linecolor": "#506784",
            "ticks": ""
           },
           "radialaxis": {
            "gridcolor": "#506784",
            "linecolor": "#506784",
            "ticks": ""
           }
          },
          "ternary": {
           "bgcolor": "rgb(17,17,17)",
           "aaxis": {
            "gridcolor": "#506784",
            "linecolor": "#506784",
            "ticks": ""
           },
           "baxis": {
            "gridcolor": "#506784",
            "linecolor": "#506784",
            "ticks": ""
           },
           "caxis": {
            "gridcolor": "#506784",
            "linecolor": "#506784",
            "ticks": ""
           }
          },
          "coloraxis": {
           "colorbar": {
            "outlinewidth": 0,
            "ticks": ""
           }
          },
          "colorscale": {
           "sequential": [
            [
             0.0,
             "#0d0887"
            ],
            [
             0.1111111111111111,
             "#46039f"
            ],
            [
             0.2222222222222222,
             "#7201a8"
            ],
            [
             0.3333333333333333,
             "#9c179e"
            ],
            [
             0.4444444444444444,
             "#bd3786"
            ],
            [
             0.5555555555555556,
             "#d8576b"
            ],
            [
             0.6666666666666666,
             "#ed7953"
            ],
            [
             0.7777777777777778,
             "#fb9f3a"
            ],
            [
             0.8888888888888888,
             "#fdca26"
            ],
            [
             1.0,
             "#f0f921"
            ]
           ],
           "sequentialminus": [
            [
             0.0,
             "#0d0887"
            ],
            [
             0.1111111111111111,
             "#46039f"
            ],
            [
             0.2222222222222222,
             "#7201a8"
            ],
            [
             0.3333333333333333,
             "#9c179e"
            ],
            [
             0.4444444444444444,
             "#bd3786"
            ],
            [
             0.5555555555555556,
             "#d8576b"
            ],
            [
             0.6666666666666666,
             "#ed7953"
            ],
            [
             0.7777777777777778,
             "#fb9f3a"
            ],
            [
             0.8888888888888888,
             "#fdca26"
            ],
            [
             1.0,
             "#f0f921"
            ]
           ],
           "diverging": [
            [
             0,
             "#8e0152"
            ],
            [
             0.1,
             "#c51b7d"
            ],
            [
             0.2,
             "#de77ae"
            ],
            [
             0.3,
             "#f1b6da"
            ],
            [
             0.4,
             "#fde0ef"
            ],
            [
             0.5,
             "#f7f7f7"
            ],
            [
             0.6,
             "#e6f5d0"
            ],
            [
             0.7,
             "#b8e186"
            ],
            [
             0.8,
             "#7fbc41"
            ],
            [
             0.9,
             "#4d9221"
            ],
            [
             1,
             "#276419"
            ]
           ]
          },
          "xaxis": {
           "gridcolor": "#283442",
           "linecolor": "#506784",
           "ticks": "",
           "title": {
            "standoff": 15
           },
           "zerolinecolor": "#283442",
           "automargin": true,
           "zerolinewidth": 2
          },
          "yaxis": {
           "gridcolor": "#283442",
           "linecolor": "#506784",
           "ticks": "",
           "title": {
            "standoff": 15
           },
           "zerolinecolor": "#283442",
           "automargin": true,
           "zerolinewidth": 2
          },
          "scene": {
           "xaxis": {
            "backgroundcolor": "rgb(17,17,17)",
            "gridcolor": "#506784",
            "linecolor": "#506784",
            "showbackground": true,
            "ticks": "",
            "zerolinecolor": "#C8D4E3",
            "gridwidth": 2
           },
           "yaxis": {
            "backgroundcolor": "rgb(17,17,17)",
            "gridcolor": "#506784",
            "linecolor": "#506784",
            "showbackground": true,
            "ticks": "",
            "zerolinecolor": "#C8D4E3",
            "gridwidth": 2
           },
           "zaxis": {
            "backgroundcolor": "rgb(17,17,17)",
            "gridcolor": "#506784",
            "linecolor": "#506784",
            "showbackground": true,
            "ticks": "",
            "zerolinecolor": "#C8D4E3",
            "gridwidth": 2
           }
          },
          "shapedefaults": {
           "line": {
            "color": "#f2f5fa"
           }
          },
          "annotationdefaults": {
           "arrowcolor": "#f2f5fa",
           "arrowhead": 0,
           "arrowwidth": 1
          },
          "geo": {
           "bgcolor": "rgb(17,17,17)",
           "landcolor": "rgb(17,17,17)",
           "subunitcolor": "#506784",
           "showland": true,
           "showlakes": true,
           "lakecolor": "rgb(17,17,17)"
          },
          "title": {
           "x": 0.05
          },
          "updatemenudefaults": {
           "bgcolor": "#506784",
           "borderwidth": 0
          },
          "sliderdefaults": {
           "bgcolor": "#C8D4E3",
           "borderwidth": 1,
           "bordercolor": "rgb(17,17,17)",
           "tickwidth": 0
          },
          "mapbox": {
           "style": "dark"
          }
         }
        },
        "xaxis": {
         "anchor": "y",
         "domain": [
          0.0,
          1.0
         ],
         "scaleanchor": "y",
         "constrain": "domain"
        },
        "yaxis": {
         "anchor": "x",
         "domain": [
          0.0,
          1.0
         ],
         "autorange": "reversed",
         "constrain": "domain"
        },
        "coloraxis": {
         "colorscale": [
          [
           0.0,
           "#0d0887"
          ],
          [
           0.1111111111111111,
           "#46039f"
          ],
          [
           0.2222222222222222,
           "#7201a8"
          ],
          [
           0.3333333333333333,
           "#9c179e"
          ],
          [
           0.4444444444444444,
           "#bd3786"
          ],
          [
           0.5555555555555556,
           "#d8576b"
          ],
          [
           0.6666666666666666,
           "#ed7953"
          ],
          [
           0.7777777777777778,
           "#fb9f3a"
          ],
          [
           0.8888888888888888,
           "#fdca26"
          ],
          [
           1.0,
           "#f0f921"
          ]
         ]
        },
        "title": {
         "text": "Correlation Plot of the Heat Failure Prediction"
        }
       },
       "config": {
        "plotlyServerURL": "https://plot.ly"
       }
      },
